
clc
clear variables

tic
Demand=[4242];
g=[];
for xx=1:length(Demand)
global data Pd data1 B


%Plant data 
%no of rows denote the no of plants(n)
data=[
0	40	0.01	10	100
0	40	0.01	10	100
0	40	0.01	10	100
0	40	0.01	10	100
0	20	0.022222	100	550
0	20	0.117647	10	185
0	40	0.01	25	100
0	40	0.01	5	100
0	40	0.01	5	100
0	40	0.01	10	100
0	20	0.045455	100	320
0	20	0.031847	8	414
0	40	0.01	8	100
0	20	1.42857	25	107
0	40	0.01	8	100
0	40	0.01	25	100
0	40	0.01	8	100
0	40	0.01	8	100
0	40	0.01	25	100
0	20	0.526316	50	119
0	20	0.04902	50	304
0	20	0.208333	25	148
0	40	0.01	25	100
0	40	0.01	50	100
0	20	0.064516	50	255
0	20	0.0625	25	260
0	40	0.01	10	100
0	20	0.025575	100	491
0	20	0.02551	80	492
0	20	0.019365	30	805.2
0	40	0.01	10	100
0	40	0.01	5	100
0	40	0.01	5	100
0	40	0.01	25	100
0	40	0.01	25	100
0	40	0.01	10	100
0	20	0.020964	25	577
0	40	0.01	10	100
0	20	2.5	    10	104
0	20	0.016475	50	707
0	40	0.01	8	100
0	40	0.01	20	100
0	40	0.01	10	100
0	40	0.01	10	100
0	20	0.039683	100	352
0	20	0.25	8	140
0	40	0.01	25	100
0	40	0.01	25	100
0	40	0.01	8	100
0	40	0.01	25	100
0	20	0.277778	25	136
0	40	0.01	25	100
0	40	0.01	25	100
0	40	0.01	25	100
];

B=[
0.057876806	-49183.32896	26420.34951	389986.0955	0.030931375	0.038675585	4199.828589	19976.62672	-7263.874205	-50418.57484	0.021952392	0.021066651	9168.445328	0.028770658	-33864.20576	-20366.03428	6475.710499	10988.30837	45516.9826	-0.00365973	-0.00364307	-0.006584975	6129.378172	-2966.072568	-0.005500214	-0.005484725	1009.405414	-0.004233022	-0.004367241	-0.007651874	10574.28245	-26581.0676	12954.18964	-3175.580879	199.2606491	-11858.95813	-0.011675147	25757.24693	-0.032623138	-0.020392439	-307751.9975	67496.01709	72535.63455	39726.90527	-0.021137664	-0.026532739	-3864.959479	22903.01003	194.7250021	-113.5900113	-0.025263909	38572.50976	12063.42263	3679.434614
-49183.32896	9.26E+12	-8.67E+12	-3.34E+13	259724.1158	-585611.3754	-2.86E+12	-1.11E+13	5.45E+12	2.97E+12	4263.848146	80839.14114	-1.41E+12	-1708379.064	5.70E+12	4.94E+12	-1.83E+12	-3.88E+12	-1.88E+12	9750.192141	50237.2882	33808.20766	4.33E+11	-2.10E+11	62408.61722	-478.5760629	90759890114	26664.17039	14699.96673	-19435.62953	3.10E+11	1.00E+12	1.19E+11	-5.59E+11	8.16E+11	2.11E+12	32124.37327	-1.76E+12	831879.0544	-85893.37136	2.02E+13	-4.39E+12	-4.43E+12	-4.70E+12	90773.70745	612485.4792	8.50E+11	-6.71E+12	2.52E+12	1.06E+11	-5837.116519	1.61E+13	-2.66E+12	4.90E+12
26420.34951	-8.67E+12	1.04E+13	3.25E+13	-275170.0987	603361.0172	2.89E+12	1.11E+13	-5.48E+12	-2.90E+12	-18883.94667	-94313.07722	1.39E+12	1683367.356	-5.65E+12	-4.87E+12	1.80E+12	3.78E+12	1.71E+12	-7068.001731	-50243.40221	-30767.03197	-4.56E+11	2.21E+11	-61257.25975	4681.762515	-95868518929	-24582.65034	-11875.56682	24899.41346	-3.40E+11	-9.54E+11	-1.50E+11	5.78E+11	-8.34E+11	-2.15E+12	-25457.4383	1.78E+12	-825893.2774	99813.736	-2.03E+13	4.42E+12	4.46E+12	4.76E+12	-79442.79063	-606643.7769	-8.62E+11	6.81E+12	-2.56E+12	-1.08E+11	21201.23816	-1.63E+13	2.65E+12	-5.05E+12
389986.0955	-3.34E+13	3.25E+13	1.29E+14	-805288.137	2385702.607	1.11E+13	4.34E+13	-2.13E+13	-1.20E+13	116430.9737	-186682.0359	5.56E+12	6858240.579	-2.25E+13	-1.95E+13	7.21E+12	1.54E+13	7.97E+12	-56970.28946	-206098.3791	-162939.8416	-1.60E+12	7.75E+11	-264552.7656	-28813.38276	-3.34E+11	-123347.399	-79524.02676	30327.8167	-1.04E+12	-4.15E+12	-2.85E+11	2.09E+12	-3.10E+12	-8.14E+12	-187539.8476	6.92E+12	-3382732.175	216102.8854	-7.93E+13	1.73E+13	1.74E+13	1.83E+13	-466975.5475	-2504853.203	-3.29E+12	2.60E+13	-9.69E+12	-4.10E+11	-118570.4151	-6.17E+13	1.05E+13	-1.85E+13
0.030931375	259724.1158	-275170.0987	-805288.137	0.043423445	0.011752388	-98446.52952	-381094.8867	189256.3875	60131.12189	0.021074076	0.022866254	-42168.21563	-0.034407084	174233.466	160738.9712	-60483.88403	-135448.3891	-35366.24131	-0.002418967	-0.001023845	-0.004219313	20352.98193	-9867.269165	-0.00227907	-0.004500975	4129.004134	-0.002457231	-0.002969381	-0.00753898	21033.26662	11323.24701	16308.60662	-22805.98654	28994.99993	64088.01925	-0.009093093	-38446.23048	7.04E-05	-0.020998596	427907.7702	-92675.579	-89839.92644	-128727.3663	-0.015497145	-0.002185708	26044.68255	-212315.2763	87287.70083	3576.784186	-0.022530881	590146.9403	-84476.81637	179421.8707
0.038675585	-585611.3754	603361.0172	2385702.607	0.011752388	0.080749014	190689.5319	730836.1617	-358839.2837	-231472.2371	0.019728759	0.014103578	97072.0072	0.134523664	-391180.3617	-326801.4058	119800.8588	245995.3358	144434.0827	-0.003647067	-0.006473232	-0.007962721	-23940.25451	11620.55082	-0.008925848	-0.004626395	-5271.116045	-0.005352623	-0.004651938	-0.005444267	-12017.68274	-85237.12529	2275.277607	34137.84664	-53372.20399	-149129.8547	-0.01243035	138105.4912	-0.083518487	-0.012620186	-1592238.163	346941.0982	354365.3651	343164.5869	-0.024820092	-0.063772292	-59005.16536	459096.1119	-164171.5505	-7040.766124	-0.022248977	-1014951.16	180318.6738	-321022.0618
4199.828589	-2.86E+12	2.89E+12	1.11E+13	-98446.52952	190689.5319	1.55E+12	5.14E+12	-2.71E+12	-1.25E+12	-11183.25278	-42017.11736	5.84E+11	710163.9357	-2.39E+12	-2.12E+12	7.82E+11	1.67E+12	8.42E+11	-3704.719191	-18038.96615	-11157.9819	-1.71E+11	82603428369	-22562.15673	1276.163905	-34614726995	-9395.621916	-4953.957488	9323.033954	-87418849824	-4.42E+11	-11394156525	2.08E+11	-3.17E+11	-8.29E+11	-8666.945496	7.11E+11	-328263.8012	43075.87106	-8.17E+12	1.77E+12	1.79E+12	1.90E+12	-28808.19629	-240711.9779	-3.48E+11	2.75E+12	-1.04E+12	-43717623471	12663.89991	-6.65E+12	1.13E+12	-1.86E+12
19976.62672	-1.11E+13	1.11E+13	4.34E+13	-381094.8867	730836.1617	5.14E+12	2.61E+13	-1.12E+13	-5.07E+12	-42021.57015	-165914.3012	2.36E+12	2875070.022	-9.65E+12	-8.30E+12	3.06E+12	6.51E+12	3.28E+12	-15346.27467	-71502.55063	-45067.69693	-6.67E+11	3.23E+11	-89449.70872	3528.979128	-1.35E+11	-37855.12226	-20599.19893	34756.6076	-2.89E+11	-1.84E+12	14550327165	7.96E+11	-1.23E+12	-3.25E+12	-36066.74563	2.80E+12	-1294935.886	165901.46	-3.21E+13	6.98E+12	7.03E+12	7.45E+12	-116569.1642	-950029.3247	-1.37E+12	1.08E+13	-4.07E+12	-1.72E+11	45845.3548	-2.61E+13	4.59E+12	-7.24E+12
-7263.874205	5.45E+12	-5.48E+12	-2.13E+13	189256.3875	-358839.2837	-2.71E+12	-1.12E+13	6.44E+12	2.56E+12	22914.53039	83780.27013	-1.16E+12	-1402214.62	4.75E+12	4.22E+12	-1.55E+12	-3.28E+12	-1.65E+12	7656.206926	35273.4319	21920.78199	3.34E+11	-1.62E+11	44224.46772	-2255.452949	67458059836	18551.65251	9922.909567	-17697.6886	1.36E+11	9.33E+11	-16115715632	-3.94E+11	6.14E+11	1.62E+12	17013.81478	-1.40E+12	645005.6906	-84842.68649	1.61E+13	-3.49E+12	-3.51E+12	-3.72E+12	56387.0914	472978.5043	6.84E+11	-5.41E+12	2.04E+12	86032727012	-25315.37499	1.31E+13	-2.21E+12	3.60E+12
-50418.57484	2.97E+12	-2.90E+12	-1.20E+13	60131.12189	-231472.2371	-1.25E+12	-5.07E+12	2.56E+12	5.87E+12	-32459.85689	18684.813	-9.81E+11	-1097530.991	4.09E+12	2.15E+12	-7.89E+11	-1.47E+12	-5.06E+11	5080.718489	23824.43094	20740.31505	2.16E+11	-1.05E+11	31960.21712	5400.124257	35166235960	14337.17882	10347.28258	7118.646184	-1.12E+12	2.95E+12	-1.35E+12	2.15E+11	1.37E+11	7.98E+11	25966.99981	-9.49E+11	473778.503	-23308.35688	1.12E+13	-2.42E+12	-2.41E+12	-2.42E+12	68674.63028	354663.9909	4.64E+11	-3.68E+12	1.38E+12	58664127431	21220.49428	8.90E+12	-1.27E+12	1.50E+12
0.021952392	4263.848146	-18883.94667	116430.9737	0.021074076	0.019728759	-11183.25278	-42021.57015	22914.53039	-32459.85689	0.027376192	0.025082053	7.211941215	0.017693898	3695.294334	11249.41298	-5023.922231	-16339.10594	17417.12108	-0.002153116	-0.001961669	-0.004354958	6143.769333	-2976.634315	-0.0033084	-0.003510265	1212.468468	-0.002377051	-0.002568036	-0.005057362	12806.57512	-20152.9259	13660.22435	-6030.180027	4391.732656	1849.217635	-0.008144768	11674.70971	-0.021114052	-0.015918124	-144160.4798	31768.676	35412.81098	9081.806811	-0.015624084	-0.01765156	645.2111722	-10832.22885	10809.97967	359.8830781	-0.019483285	97647.44648	-4287.357277	30965.8586
0.021066651	80839.14114	-94313.07722	-186682.0359	0.022866254	0.014103578	-42017.11736	-165914.3012	83780.27013	18684.813	0.025082053	0.024758181	-20881.0871	-0.006495523	85231.40624	66773.25601	-25527.86212	-59981.63348	-5562.02038	-0.001882705	-0.001319749	-0.003797424	10535.10218	-5105.12495	-0.002508917	-0.00335097	2086.39255	-0.001993053	-0.002281275	-0.005042552	10154.58083	1502.384323	8439.726554	-9805.099123	12011.09689	23806.42999	-0.007489873	-8426.808559	-0.011049349	-0.016314415	87790.85072	-18640.90472	-15457.98985	-43326.67547	-0.014056843	-0.010152026	10191.69246	-86119.12956	38858.57006	1548.28933	-0.018872602	276340.2793	-34959.78228	78424.94862
9168.445328	-1.41E+12	1.39E+12	5.56E+12	-42168.21563	97072.0072	5.84E+11	2.36E+12	-1.16E+12	-9.81E+11	7.211941215	-20881.0871	6.41E+11	595094.5574	-2.18E+12	-9.91E+11	3.66E+11	7.34E+11	2.85E+11	-1385.838885	-11239.8721	-7330.872622	-1.02E+11	49383297826	-13863.45584	539.0846079	-20653382719	-5608.248806	-2884.014351	3446.490851	33630035090	-4.07E+11	84931859281	84049365145	-1.59E+11	-4.49E+11	-7090.289139	3.94E+11	-186538.8749	18920.52221	-4.53E+12	9.84E+11	9.92E+11	1.05E+12	-20479.7495	-137669.298	-1.91E+11	1.51E+12	-5.67E+11	-23940859955	1140.01102	-3.63E+12	6.15E+11	-1.03E+12
0.028770658	-1708379.064	1683367.356	6858240.579	-0.034407084	0.134523664	710163.9357	2875070.022	-1402214.62	-1097530.991	0.017693898	-0.006495523	595094.5574	0.993636327	-2430160.258	-1199385.864	441957.9553	891699.3568	383644.112	-0.004306429	-0.015712912	-0.013186904	-115161.7115	55880.73502	-0.020056582	-0.003052089	-23623.55491	-0.009385732	-0.006319126	-0.000434218	21954.71479	-446479.8251	80931.25244	106295.6417	-192177.8642	-540347.1455	-0.015985876	481555.8557	-0.241887709	0.008506095	-5543189.393	1205482.977	1218409.324	1260344.915	-0.038413182	-0.180223984	-227735.0883	1794561.275	-667418.2942	-28276.99735	-0.015885161	-4244499.748	746717.869	-1223302.432
-33864.20576	5.70E+12	-5.65E+12	-2.25E+13	174233.466	-391180.3617	-2.39E+12	-9.65E+12	4.75E+12	4.09E+12	3695.294334	85231.40624	-2.18E+12	-2430160.258	9.93E+12	4.03E+12	-1.49E+12	-2.99E+12	-1.18E+12	5673.224476	44869.79807	29069.42638	4.09E+11	-1.99E+11	55360.39019	-2185.371691	82573363680	22473.30612	11618.1122	-13962.58361	-1.72E+11	1.71E+12	-3.83E+11	-3.25E+11	6.34E+11	1.80E+12	27666.74486	-1.59E+12	751519.0248	-78562.28129	1.83E+13	-3.98E+12	-4.01E+12	-4.22E+12	80709.98066	554383.5799	7.73E+11	-6.11E+12	2.30E+12	96948677252	-7345.676642	1.47E+13	-2.57E+12	4.13E+12
-20366.03428	4.94E+12	-4.87E+12	-1.95E+13	160738.9712	-326801.4058	-2.12E+12	-8.30E+12	4.22E+12	2.15E+12	11249.41298	66773.25601	-9.91E+11	-1199385.864	4.03E+12	7.52E+12	-2.66E+12	-5.84E+12	-4.20E+12	25845.20389	21241.13319	22417.34254	2.09E+11	-99766330083	36510.75846	11053.24592	35327710487	21622.60713	18676.18768	-6852.043813	1.72E+11	7.42E+11	41514439077	-3.96E+11	6.08E+11	1.55E+12	22166.08718	-1.51E+12	705473.5494	-85089.69388	1.75E+13	-3.80E+12	-3.80E+12	-3.90E+12	65699.76606	516780.195	7.43E+11	-5.89E+12	2.23E+12	94249405190	-22963.35934	1.44E+13	-1.92E+12	2.63E+12
6475.710499	-1.83E+12	1.80E+12	7.21E+12	-60483.88403	119800.8588	7.82E+11	3.06E+12	-1.55E+12	-7.89E+11	-5023.922231	-25527.86212	3.66E+11	441957.9553	-1.49E+12	-2.66E+12	1.30E+12	2.18E+12	1.55E+12	-9279.274905	-8179.127954	-8271.621659	-80198807477	38305861017	-13669.5594	-3906.123571	-13619969203	-8025.810656	-6846.079215	2817.723661	-66997833342	-2.70E+11	-18882078705	1.49E+11	-2.27E+11	-5.81E+11	-7893.091195	5.62E+11	-261986.3354	32528.79371	-6.53E+12	1.41E+12	1.41E+12	1.46E+12	-23727.1697	-191805.0275	-2.77E+11	2.20E+12	-8.32E+11	-35151474696	9531.775168	-5.37E+12	7.08E+11	-9.93E+11
10988.30837	-3.88E+12	3.78E+12	1.54E+13	-135448.3891	245995.3358	1.67E+12	6.51E+12	-3.28E+12	-1.47E+12	-16339.10594	-59981.63348	7.34E+11	891699.3568	-2.99E+12	-5.84E+12	2.18E+12	2.25E+13	1.91E+13	-50894.44095	-2088.986632	-24245.9872	-55266243201	21208448238	-32584.50063	-19071.27179	-18187713369	-24775.73139	-28647.13925	3887.730888	-3.08E+11	-3.88E+11	-2.07E+11	4.74E+11	-6.93E+11	-1.71E+12	-17729.33739	1.77E+12	-810397.1499	120036.5005	-2.07E+13	4.47E+12	4.45E+12	4.54E+12	-58188.35318	-590415.7281	-8.84E+11	7.03E+12	-2.68E+12	-1.13E+11	53202.29054	-1.74E+13	1.52E+12	-2.44E+12
45516.9826	-1.88E+12	1.71E+12	7.97E+12	-35366.24131	144434.0827	8.42E+11	3.28E+12	-1.65E+12	-5.06E+11	17417.12108	-5562.02038	2.85E+11	383644.112	-1.18E+12	-4.20E+12	1.55E+12	1.91E+13	4.69E+13	-99472.89633	54444.87467	-25905.05496	3.96E+11	-2.05E+11	-12690.46515	-45209.26342	51189685847	-28414.98685	-49425.77782	-20247.65795	-3.07E+11	5248312560	-2.64E+11	4.34E+11	-6.43E+11	-1.54E+12	-26836.12279	1.95E+12	-909996.4167	117375.9437	-2.31E+13	4.97E+12	4.91E+12	4.80E+12	-75462.26078	-663687.2371	-9.80E+11	7.82E+12	-2.99E+12	-1.27E+11	46485.27407	-1.95E+13	7.77E+11	-5.90E+11
-0.00365973	9750.192141	-7068.001731	-56970.28946	-0.002418967	-0.003647067	-3704.719191	-15346.27467	7656.206926	5080.718489	-0.002153116	-0.001882705	-1385.838885	-0.004306429	5673.224476	25845.20389	-9279.274905	-50894.44095	-99472.89633	0.032726468	0.007079709	0.004598488	-5937.405856	2987.925011	0.002599685	0.002686472	-273.4247994	0.002464397	0.003721031	0.001760119	1618.362892	649.0554995	1352.838475	-2393.419281	3507.756194	8805.386437	-0.000173521	-8467.600662	-0.000601408	-0.005306699	101341.1832	-21437.214	-19543.69018	-25074.63253	-0.003786539	-0.001517884	5637.630007	-46765.88133	20219.22705	819.1797685	-0.006533869	142029.0557	-3852.193989	9361.740205
-0.00364307	50237.2882	-50243.40221	-206098.3791	-0.001023845	-0.006473232	-18038.96615	-71502.55063	35273.4319	23824.43094	-0.001961669	-0.001319749	-11239.8721	-0.015712912	44869.79807	21241.13319	-8179.127954	-2088.986632	54444.87467	0.007079709	0.012211801	0.006366637	12520.59865	-6348.622611	0.00458503	0.002520888	2811.012466	0.003130848	0.003975728	0.001513966	1566.370511	8864.992924	-36.40376915	-1959.625695	1942.375772	8003.95513	0.000233744	9012.7823	-0.008743158	-0.00400897	-118662.9658	25177.96559	24775.90827	11625.26445	-0.004091276	-0.00749069	-3947.892557	30869.01897	-10201.64394	-477.6683553	-0.005777458	-62157.38163	-16985.36278	87458.67225
-0.006584975	33808.20766	-30767.03197	-162939.8416	-0.004219313	-0.007962721	-11157.9819	-45067.69693	21920.78199	20740.31505	-0.004354958	-0.003797424	-7330.872622	-0.013186904	29069.42638	22417.34254	-8271.621659	-24245.9872	-25905.05496	0.004598488	0.006366637	0.017798731	5740.765928	-2995.484027	0.007820124	0.004395391	1363.863823	0.002974482	0.003395769	0.00189623	-1188.426601	8749.535077	-2208.463696	-630.4811416	1294.152601	5716.721351	0.000296143	1682.53238	-0.005102347	-0.00434753	-23972.85514	5235.068488	6068.544433	-2245.867902	-0.003764458	-0.00482754	37.07177776	-1532.258867	2562.421944	67.93105637	-0.005915324	24173.26752	-11503.52891	38129.92578
6129.378172	4.33E+11	-4.56E+11	-1.60E+12	20352.98193	-23940.25451	-1.71E+11	-6.67E+11	3.34E+11	2.16E+11	6143.769333	10535.10218	-1.02E+11	-115161.7115	4.09E+11	2.09E+11	-80198807477	-55266243201	3.96E+11	-5937.405856	12520.59865	5740.765928	4.34E+11	-1.79E+11	14737.65529	-9630.277401	27295274846	-224.4943426	-3535.131736	-5204.759026	-15708241773	99028073148	-28029548111	6321078726	-9310723620	-934577948.2	-2296.695849	1.09E+11	-55978.29398	2658.728895	-1.38E+12	2.93E+11	2.79E+11	2.20E+11	-7153.883315	-41173.85506	-57041127826	4.61E+11	-1.79E+11	-7665474615	-1026.931691	-1.20E+12	-1.53E+11	4.80E+11
-2966.072568	-2.10E+11	2.21E+11	7.75E+11	-9867.269165	11620.55082	82603428369	3.23E+11	-1.62E+11	-1.05E+11	-2976.634315	-5105.12495	49383297826	55880.73502	-1.99E+11	-99766330083	38305861017	21208448238	-2.05E+11	2987.925011	-6348.622611	-2995.484027	-1.79E+11	92558001697	-7081.028584	4596.657141	-13163200259	90.11989074	1723.061107	2529.000857	7666420652	-48051788554	13641121423	-3155066506	4677372742	836199433	1122.966131	-53693889678	27534.24002	-1289.450189	6.79E+11	-1.44E+11	-1.37E+11	-1.08E+11	3534.406667	20261.23876	28028104791	-2.26E+11	87978971529	3764379775	537.7314309	5.89E+11	74268838645	-2.34E+11
-0.005500214	62408.61722	-61257.25975	-264552.7656	-0.00227907	-0.008925848	-22562.15673	-89449.70872	44224.46772	31960.21712	-0.0033084	-0.002508917	-13863.45584	-0.020056582	55360.39019	36510.75846	-13669.5594	-32584.50063	-12690.46515	0.002599685	0.00458503	0.007820124	14737.65529	-7081.028584	0.012740349	0.005191254	4251.413613	0.003725769	0.003255392	0.002006055	1012.671522	12403.40002	-1012.231021	-2340.222769	2971.51069	12103.46316	0.001105763	4818.743031	-0.005837814	-0.003229651	-70506.96234	14640.32901	13897.74416	1654.787434	-0.002922499	-0.005285714	-2410.183633	19096.15861	-6176.242464	-304.960709	-0.004699403	-38471.31773	-21526.25621	92283.75245
-0.005484725	-478.5760629	4681.762515	-28813.38276	-0.004500975	-0.004626395	1276.163905	3528.979128	-2255.452949	5400.124257	-0.003510265	-0.00335097	539.0846079	-0.003052089	-2185.371691	11053.24592	-3906.123571	-19071.27179	-45209.26342	0.002686472	0.002520888	0.004395391	-9630.277401	4596.657141	0.005191254	0.008279833	-2292.180673	0.003619038	0.003688815	0.003172679	-2866.815928	3339.393404	-2811.036725	914.217934	-13.92086268	1724.221902	0.001795934	-7889.653599	0.001953785	-0.002339456	100914.4943	-21132.32083	-19187.32682	-17163.77448	-0.001080265	0.000569437	4175.696323	-34506.42453	14737.80851	604.0937275	-0.003278162	104144.334	-127.4774666	-23067.21167
1009.405414	90759890114	-95868518929	-3.34E+11	4129.004134	-5271.116045	-34614726995	-1.35E+11	67458059836	35166235960	1212.468468	2086.39255	-20653382719	-23623.55491	82573363680	35327710487	-13619969203	-18187713369	51189685847	-273.4247994	2811.012466	1363.863823	27295274846	-13163200259	4251.413613	-2292.180673	16995884867	690.8982377	-283.687112	-1269.457911	8485472124	10354212514	5329156206	-6467213891	6070117891	19826574347	-272.0221874	16018912552	-9453.912262	-618.1127287	-2.23E+11	46144268138	41734291429	20780407359	-1772.087211	-7100.634459	-8892543343	73029590748	-28992816432	-1260649048	-1187.777167	-2.01E+11	-30774930542	1.85E+11
-0.004233022	26664.17039	-24582.65034	-123347.399	-0.002457231	-0.005352623	-9395.621916	-37855.12226	18551.65251	14337.17882	-0.002377051	-0.001993053	-5608.248806	-0.009385732	22473.30612	21622.60713	-8025.810656	-24775.73139	-28414.98685	0.002464397	0.003130848	0.002974482	-224.4943426	90.11989074	0.003725769	0.003619038	690.8982377	0.003705273	0.00384362	0.002961186	800.4912349	5269.686265	-143.5826435	-1661.389252	2413.318935	9378.905189	0.002072255	-4068.954525	0.000228377	-0.001878016	44507.38531	-9657.733164	-9343.651964	-13154.1944	-0.000922503	-0.000669013	1653.379803	-13404.1771	5993.470055	226.9942186	-0.002805415	41896.04725	-9378.522532	37840.6896
-0.004367241	14699.96673	-11875.56682	-79524.02676	-0.002969381	-0.004651938	-4953.957488	-20599.19893	9922.909567	10347.28258	-0.002568036	-0.002281275	-2884.014351	-0.006319126	11618.1122	18676.18768	-6846.079215	-28647.13925	-49425.77782	0.003721031	0.003975728	0.003395769	-3535.131736	1723.061107	0.003255392	0.003688815	-283.687112	0.00384362	0.005493466	0.002889081	-1096.565711	4524.861688	-1555.151409	-357.1328254	1184.292498	5352.815646	0.001780872	-5706.399451	0.000761259	-0.002305733	69514.7558	-14694.3923	-13521.49273	-14732.60616	-0.001213705	-0.000295763	2895.315264	-23888.02437	10422.21882	417.219081	-0.003273081	73754.23478	-5444.004795	7775.873986
-0.007651874	-19435.62953	24899.41346	30327.8167	-0.00753898	-0.005444267	9323.033954	34756.6076	-17697.6886	7118.646184	-0.005057362	-0.005042552	3446.490851	-0.000434218	-13962.58361	-6852.043813	2817.723661	3887.730888	-20247.65795	0.001760119	0.001513966	0.00189623	-5204.759026	2529.000857	0.002006055	0.003172679	-1269.457911	0.002961186	0.002889081	0.006796227	-10941.96802	8973.296147	-10508.88588	7101.088267	-6103.248367	-8687.380662	0.003385879	-2587.443415	0.002833115	0.001499036	41690.70066	-8401.146673	-7235.937119	973.9008587	0.001845431	0.001678713	423.3621758	-3703.470294	1750.046545	77.2993523	0.000853094	14929.66344	6653.898667	-53130.05431
10574.28245	3.10E+11	-3.40E+11	-1.04E+12	21033.26662	-12017.68274	-87418849824	-2.89E+11	1.36E+11	-1.12E+12	12806.57512	10154.58083	33630035090	21954.71479	-1.72E+11	1.72E+11	-66997833342	-3.08E+11	-3.07E+11	1618.362892	1566.370511	-1188.426601	-15708241773	7666420652	1012.671522	-2866.815928	8485472124	800.4912349	-1096.565711	-10941.96802	1.51E+12	-1.28E+12	1.44E+12	-5.64E+11	2.84E+11	2.03E+11	-3577.305212	1.26E+11	-72169.85565	-3299.257037	-1.73E+12	3.64E+11	3.41E+11	2.40E+11	-13920.39007	-58245.08335	-73451881842	5.98E+11	-2.34E+11	-10078873223	-8287.675495	-1.58E+12	-45190647398	8.86E+11
-26581.0676	1.00E+12	-9.54E+11	-4.15E+12	11323.24701	-85237.12529	-4.42E+11	-1.84E+12	9.33E+11	2.95E+12	-20152.9259	1502.384323	-4.07E+11	-446479.8251	1.71E+12	7.42E+11	-2.70E+11	-3.88E+11	5248312560	649.0554995	8864.992924	8749.535077	99028073148	-48051788554	12403.40002	3339.393404	10354212514	5269.686265	4524.861688	8973.296147	-1.28E+12	5.21E+12	-1.80E+12	3.96E+11	-99530154356	2.15E+11	12272.01212	-4.52E+11	230185.0654	-8374.582084	5.46E+12	-1.17E+12	-1.16E+12	-1.11E+12	34703.62824	174479.1138	2.28E+11	-1.81E+12	6.87E+11	29238393073	12160.57737	4.46E+12	-4.76E+11	1.47E+11
12954.18964	1.19E+11	-1.50E+11	-2.85E+11	16308.60662	2275.277607	-11394156525	14550327165	-16115715632	-1.35E+12	13660.22435	8439.726554	84931859281	80931.25244	-3.83E+11	41514439077	-18882078705	-2.07E+11	-2.64E+11	1352.838475	-36.40376915	-2208.463696	-28029548111	13641121423	-1012.231021	-2811.036725	5329156206	-143.5826435	-1555.151409	-10508.88588	1.44E+12	-1.80E+12	2.97E+12	-5.23E+11	2.49E+11	1.36E+11	-4785.033065	1.70E+11	-92930.53275	-1373.914633	-2.22E+12	4.72E+11	4.50E+11	3.60E+11	-16431.61128	-73311.28088	-93777411304	7.57E+11	-2.93E+11	-12572340842	-8413.674475	-1.95E+12	28808500278	7.05E+11
-3175.580879	-5.59E+11	5.78E+11	2.09E+12	-22805.98654	34137.84664	2.08E+11	7.96E+11	-3.94E+11	2.15E+11	-6030.180027	-9805.099123	84049365145	106295.6417	-3.25E+11	-3.96E+11	1.49E+11	4.74E+11	4.34E+11	-2393.419281	-1959.625695	-630.4811416	6321078726	-3155066506	-2340.222769	914.217934	-6467213891	-1661.389252	-357.1328254	7101.088267	-5.64E+11	3.96E+11	-5.23E+11	7.87E+11	-3.26E+11	-2.88E+11	162.0916732	11148105799	2189.978571	5471.255449	1.06E+11	-13096296518	7718796179	89036770933	3181.081611	5626.325246	5503865958	-56615066625	29273406486	1394228341	3834.465555	2.61E+11	1.78E+11	-7.17E+11
199.2606491	8.16E+11	-8.34E+11	-3.10E+12	28994.99993	-53372.20399	-3.17E+11	-1.23E+12	6.14E+11	1.37E+11	4391.732656	12011.09689	-1.59E+11	-192177.8642	6.34E+11	6.08E+11	-2.27E+11	-6.93E+11	-6.43E+11	3507.756194	1942.375772	1294.152601	-9310723620	4677372742	2971.51069	-13.92086268	6070117891	2413.318935	1184.292498	-6103.248367	2.84E+11	-99530154356	2.49E+11	-3.26E+11	8.65E+11	4.78E+11	1610.36552	-1.06E+11	42507.14317	-9906.528831	9.12E+11	-2.10E+11	-2.38E+11	-3.36E+11	1847.043315	25705.21772	36736385006	-2.75E+11	93181122016	3728121851	-3284.598444	4.96E+11	-2.84E+11	7.84E+11
-11858.95813	2.11E+12	-2.15E+12	-8.14E+12	64088.01925	-149129.8547	-8.29E+11	-3.25E+12	1.62E+12	7.98E+11	1849.217635	23806.42999	-4.49E+11	-540347.1455	1.80E+12	1.55E+12	-5.81E+11	-1.71E+12	-1.54E+12	8805.386437	8003.95513	5716.721351	-934577948.2	836199433	12103.46316	1724.221902	19826574347	9378.905189	5352.815646	-8687.380662	2.03E+11	2.15E+11	1.36E+11	-2.88E+11	4.78E+11	1.59E+12	14706.08589	-4.94E+11	221598.4374	-27575.06286	4.77E+12	-1.07E+12	-1.15E+12	-1.42E+12	23855.9394	145573.5779	1.91E+11	-1.47E+12	5.20E+11	21377063052	304.1659725	3.02E+12	-7.58E+11	2.12E+12
-0.011675147	32124.37327	-25457.4383	-187539.8476	-0.009093093	-0.01243035	-8666.945496	-36066.74563	17013.81478	25966.99981	-0.008144768	-0.007489873	-7090.289139	-0.015985876	27666.74486	22166.08718	-7893.091195	-17729.33739	-26836.12279	-0.000173521	0.000233744	0.000296143	-2296.695849	1122.966131	0.001105763	0.001795934	-272.0221874	0.002072255	0.001780872	0.003385879	-3577.305212	12272.01212	-4785.033065	162.0916732	1610.36552	14706.08589	0.008299011	-14566.13183	0.013278592	0.006200814	167805.2467	-36905.96739	-38748.52768	-30159.06826	0.007862916	0.009715565	2591.609776	-17476.44697	3999.32278	173.6491877	0.007083587	11840.33302	-10648.70229	21735.3869
25757.24693	-1.76E+12	1.78E+12	6.92E+12	-38446.23048	138105.4912	7.11E+11	2.80E+12	-1.40E+12	-9.49E+11	11674.70971	-8426.808559	3.94E+11	481555.8557	-1.59E+12	-1.51E+12	5.62E+11	1.77E+12	1.95E+12	-8467.600662	9012.7823	1682.53238	1.09E+11	-53693889678	4818.743031	-7889.653599	16018912552	-4068.954525	-5706.399451	-2587.443415	1.26E+11	-4.52E+11	1.70E+11	11148105799	-1.06E+11	-4.94E+11	-14566.13183	1.32E+12	-643311.5614	24827.06742	-1.07E+13	2.27E+12	2.22E+12	1.54E+12	-50227.80486	-220847.5787	-2.69E+11	2.08E+12	-7.47E+11	-31083487215	-21161.67804	-4.46E+12	6.58E+11	-3.16E+11
-0.032623138	831879.0544	-825893.2774	-3382732.175	7.04E-05	-0.083518487	-328263.8012	-1294935.886	645005.6906	473778.503	-0.021114052	-0.011049349	-186538.8749	-0.241887709	751519.0248	705473.5494	-261986.3354	-810397.1499	-909996.4167	-0.000601408	-0.008743158	-0.005102347	-55978.29398	27534.24002	-0.005837814	0.001953785	-9453.912262	0.000228377	0.000761259	0.002833115	-72169.85565	230185.0654	-92930.53275	2189.978571	42507.14317	221598.4374	0.013278592	-643311.5614	0.889139038	0.017910733	5227776.588	-1110794.087	-1091238.635	-718241.9952	0.041528745	0.119889969	121317.9369	-933311.3663	328238.5649	13688.36141	0.0289902	1922717.891	-308837.276	82195.60571
-0.020392439	-85893.37136	99813.736	216102.8854	-0.020998596	-0.012620186	43075.87106	165901.46	-84842.68649	-23308.35688	-0.015918124	-0.016314415	18920.52221	0.008506095	-78562.28129	-85089.69388	32528.79371	120036.5005	117375.9437	-0.005306699	-0.00400897	-0.00434753	2658.728895	-1289.450189	-0.003229651	-0.002339456	-618.1127287	-0.001878016	-0.002305733	0.001499036	-3299.257037	-8374.582084	-1373.914633	5471.255449	-9906.528831	-27575.06286	0.006200814	24827.06742	0.017910733	0.036475704	-250674.1846	53869.84153	50515.08574	74218.10935	0.01829977	0.008645523	-17748.7103	145648.2834	-60205.67946	-2459.085293	0.021067231	-402497.6467	34536.48525	-59292.80709
-307751.9975	2.02E+13	-2.03E+13	-7.93E+13	427907.7702	-1592238.163	-8.17E+12	-3.21E+13	1.61E+13	1.12E+13	-144160.4798	87790.85072	-4.53E+12	-5543189.393	1.83E+13	1.75E+13	-6.53E+12	-2.07E+13	-2.31E+13	101341.1832	-118662.9658	-23972.85514	-1.38E+12	6.79E+11	-70506.96234	100914.4943	-2.23E+11	44507.38531	69514.7558	41690.70066	-1.73E+12	5.46E+12	-2.22E+12	1.06E+11	9.12E+11	4.77E+12	167805.2467	-1.07E+13	5227776.588	-250674.1846	1.75E+14	-3.36E+13	-2.70E+13	-1.76E+13	613214.4659	2606214.97	3.14E+12	-2.43E+13	8.74E+12	3.64E+11	279238.6495	5.22E+13	-7.56E+12	1.80E+12
67496.01709	-4.39E+12	4.42E+12	1.73E+13	-92675.579	346941.0982	1.77E+12	6.98E+12	-3.49E+12	-2.42E+12	31768.676	-18640.90472	9.84E+11	1205482.977	-3.98E+12	-3.80E+12	1.41E+12	4.47E+12	4.97E+12	-21437.214	25177.96559	5235.068488	2.93E+11	-1.44E+11	14640.32901	-21132.32083	46144268138	-9657.733164	-14694.3923	-8401.146673	3.64E+11	-1.17E+12	4.72E+11	-13096296518	-2.10E+11	-1.07E+12	-36905.96739	2.27E+12	-1110794.087	53869.84153	-3.36E+13	9.56E+12	6.12E+12	3.99E+12	-137527.2257	-588103.0394	-7.09E+11	5.50E+12	-1.98E+12	-82260603367	-62086.21436	-1.18E+13	1.64E+12	-5.00E+11
72535.63455	-4.43E+12	4.46E+12	1.74E+13	-89839.92644	354365.3651	1.79E+12	7.03E+12	-3.51E+12	-2.41E+12	35412.81098	-15457.98985	9.92E+11	1218409.324	-4.01E+12	-3.80E+12	1.41E+12	4.45E+12	4.91E+12	-19543.69018	24775.90827	6068.544433	2.79E+11	-1.37E+11	13897.74416	-19187.32682	41734291429	-9343.651964	-13521.49273	-7235.937119	3.41E+11	-1.16E+12	4.50E+11	7718796179	-2.38E+11	-1.15E+12	-38748.52768	2.22E+12	-1091238.635	50515.08574	-2.70E+13	6.12E+12	6.61E+12	4.31E+12	-148971.7583	-635706.2953	-7.66E+11	5.94E+12	-2.14E+12	-88909809236	-67690.05221	-1.28E+13	1.66E+12	-7.29E+11
39726.90527	-4.70E+12	4.76E+12	1.83E+13	-128727.3663	343164.5869	1.90E+12	7.45E+12	-3.72E+12	-2.42E+12	9081.806811	-43326.67547	1.05E+12	1260344.915	-4.22E+12	-3.90E+12	1.46E+12	4.54E+12	4.80E+12	-25074.63253	11625.26445	-2245.867902	2.20E+11	-1.08E+11	1654.787434	-17163.77448	20780407359	-13154.1944	-14732.60616	973.9008587	2.40E+11	-1.11E+12	3.60E+11	89036770933	-3.36E+11	-1.42E+12	-30159.06826	1.54E+12	-718241.9952	74218.10935	-1.76E+13	3.99E+12	4.31E+12	9.26E+12	-133152.5211	-736682.7991	-9.57E+11	7.44E+12	-2.69E+12	-1.12E+11	-29510.76508	-1.62E+13	1.75E+12	-1.79E+12
-0.021137664	90773.70745	-79442.79063	-466975.5475	-0.015497145	-0.024820092	-28808.19629	-116569.1642	56387.0914	68674.63028	-0.015624084	-0.014056843	-20479.7495	-0.038413182	80709.98066	65699.76606	-23727.1697	-58188.35318	-75462.26078	-0.003786539	-0.004091276	-0.003764458	-7153.883315	3534.406667	-0.002922499	-0.001080265	-1772.087211	-0.000922503	-0.001213705	0.001845431	-13920.39007	34703.62824	-16431.61128	3181.081611	1847.043315	23855.9394	0.007862916	-50227.80486	0.041528745	0.01829977	613214.4659	-137527.2257	-148971.7583	-133152.5211	0.030206121	0.044052236	18344.25343	-132517.352	37808.39167	1639.108142	0.029840135	174023.7406	-31498.52042	-8093.991528
-0.026532739	612485.4792	-606643.7769	-2504853.203	-0.002185708	-0.063772292	-240711.9779	-950029.3247	472978.5043	354663.9909	-0.01765156	-0.010152026	-137669.298	-0.180223984	554383.5799	516780.195	-191805.0275	-590415.7281	-663687.2371	-0.001517884	-0.00749069	-0.00482754	-41173.85506	20261.23876	-0.005285714	0.000569437	-7100.634459	-0.000669013	-0.000295763	0.001678713	-58245.08335	174479.1138	-73311.28088	5626.325246	25705.21772	145573.5779	0.009715565	-220847.5787	0.119889969	0.008645523	2606214.97	-588103.0394	-635706.2953	-736682.7991	0.044052236	0.184513644	164531.7916	-1283395.106	446567.3934	20513.45797	0.043315953	2903342.441	-227167.0341	54649.42727
-3864.959479	8.50E+11	-8.62E+11	-3.29E+12	26044.68255	-59005.16536	-3.48E+11	-1.37E+12	6.84E+11	4.64E+11	645.2111722	10191.69246	-1.91E+11	-227735.0883	7.73E+11	7.43E+11	-2.77E+11	-8.84E+11	-9.80E+11	5637.630007	-3947.892557	37.07177776	-57041127826	28028104791	-2410.183633	4175.696323	-8892543343	1653.379803	2895.315264	423.3621758	-73451881842	2.28E+11	-93777411304	5503865958	36736385006	1.91E+11	2591.609776	-2.69E+11	121317.9369	-17748.7103	3.14E+12	-7.09E+11	-7.66E+11	-9.57E+11	18344.25343	164531.7916	2.93E+11	-2.11E+12	7.50E+11	28849181881	-1738.150859	4.22E+12	-3.20E+11	89852097673
22903.01003	-6.71E+12	6.81E+12	2.60E+13	-212315.2763	459096.1119	2.75E+12	1.08E+13	-5.41E+12	-3.68E+12	-10832.22885	-86119.12956	1.51E+12	1794561.275	-6.11E+12	-5.89E+12	2.20E+12	7.03E+12	7.82E+12	-46765.88133	30869.01897	-1532.258867	4.61E+11	-2.26E+11	19096.15861	-34506.42453	73029590748	-13404.1771	-23888.02437	-3703.470294	5.98E+11	-1.81E+12	7.57E+11	-56615066625	-2.75E+11	-1.47E+12	-17476.44697	2.08E+12	-933311.3663	145648.2834	-2.43E+13	5.50E+12	5.94E+12	7.44E+12	-132517.352	-1283395.106	-2.11E+12	1.81E+13	-6.41E+12	-2.37E+11	30267.57304	-3.47E+13	2.53E+12	-5.78E+11
194.7250021	2.52E+12	-2.56E+12	-9.69E+12	87287.70083	-164171.5505	-1.04E+12	-4.07E+12	2.04E+12	1.38E+12	10809.97967	38858.57006	-5.67E+11	-667418.2942	2.30E+12	2.23E+12	-8.32E+11	-2.68E+12	-2.99E+12	20219.22705	-10201.64394	2562.421944	-1.79E+11	87978971529	-6176.242464	14737.80851	-28992816432	5993.470055	10422.21882	1750.046545	-2.34E+11	6.87E+11	-2.93E+11	29273406486	93181122016	5.20E+11	3999.32278	-7.47E+11	328238.5649	-60205.67946	8.74E+12	-1.98E+12	-2.14E+12	-2.69E+12	37808.39167	446567.3934	7.50E+11	-6.41E+12	3.69E+12	84727972396	-26473.12061	1.24E+13	-9.51E+11	1.36E+11
-113.5900113	1.06E+11	-1.08E+11	-4.10E+11	3576.784186	-7040.766124	-43717623471	-1.72E+11	86032727012	58664127431	359.8830781	1548.28933	-23940859955	-28276.99735	96948677252	94249405190	-35151474696	-1.13E+11	-1.27E+11	819.1797685	-477.6683553	67.93105637	-7665474615	3764379775	-304.960709	604.0937275	-1260649048	226.9942186	417.219081	77.2993523	-10078873223	29238393073	-12572340842	1394228341	3728121851	21377063052	173.6491877	-31083487215	13688.36141	-2459.085293	3.64E+11	-82260603367	-88909809236	-1.12E+11	1639.108142	20513.45797	28849181881	-2.37E+11	84727972396	5747055748	-1626.062735	8.46E+11	-40144765794	4136944579
-0.025263909	-5837.116519	21201.23816	-118570.4151	-0.022530881	-0.022248977	12663.89991	45845.3548	-25315.37499	21220.49428	-0.019483285	-0.018872602	1140.01102	-0.015885161	-7345.676642	-22963.35934	9531.775168	53202.29054	46485.27407	-0.006533869	-0.005777458	-0.005915324	-1026.931691	537.7314309	-0.004699403	-0.003278162	-1187.777167	-0.002805415	-0.003273081	0.000853094	-8287.675495	12160.57737	-8413.674475	3834.465555	-3284.598444	304.1659725	0.007083587	-21161.67804	0.0289902	0.021067231	279238.6495	-62086.21436	-67690.05221	-29510.76508	0.029840135	0.043315953	-1738.150859	30267.57304	-26473.12061	-1626.062735	0.095238697	-399451.8888	5500.935618	-35657.03981
38572.50976	1.61E+13	-1.63E+13	-6.17E+13	590146.9403	-1014951.16	-6.65E+12	-2.61E+13	1.31E+13	8.90E+12	97647.44648	276340.2793	-3.63E+12	-4244499.748	1.47E+13	1.44E+13	-5.37E+12	-1.74E+13	-1.95E+13	142029.0557	-62157.38163	24173.26752	-1.20E+12	5.89E+11	-38471.31773	104144.334	-2.01E+11	41896.04725	73754.23478	14929.66344	-1.58E+12	4.46E+12	-1.95E+12	2.61E+11	4.96E+11	3.02E+12	11840.33302	-4.46E+12	1922717.891	-402497.6467	5.22E+13	-1.18E+13	-1.28E+13	-1.62E+13	174023.7406	2903342.441	4.22E+12	-3.47E+13	1.24E+13	8.46E+11	-399451.8888	1.70E+14	-6.09E+12	1.25E+11
12063.42263	-2.66E+12	2.65E+12	1.05E+13	-84476.81637	180318.6738	1.13E+12	4.59E+12	-2.21E+12	-1.27E+12	-4287.357277	-34959.78228	6.15E+11	746717.869	-2.57E+12	-1.92E+12	7.08E+11	1.52E+12	7.77E+11	-3852.193989	-16985.36278	-11503.52891	-1.53E+11	74268838645	-21526.25621	-127.4774666	-30774930542	-9378.522532	-5444.004795	6653.898667	-45190647398	-4.76E+11	28808500278	1.78E+11	-2.84E+11	-7.58E+11	-10648.70229	6.58E+11	-308837.276	34536.48525	-7.56E+12	1.64E+12	1.66E+12	1.75E+12	-31498.52042	-227167.0341	-3.20E+11	2.53E+12	-9.51E+11	-40144765794	5500.935618	-6.09E+12	1.50E+12	-1.68E+12
3679.434614	4.90E+12	-5.05E+12	-1.85E+13	179421.8707	-321022.0618	-1.86E+12	-7.24E+12	3.60E+12	1.50E+12	30965.8586	78424.94862	-1.03E+12	-1223302.432	4.13E+12	2.63E+12	-9.93E+11	-2.44E+12	-5.90E+11	9361.740205	87458.67225	38129.92578	4.80E+11	-2.34E+11	92283.75245	-23067.21167	1.85E+11	37840.6896	7775.873986	-53130.05431	8.86E+11	1.47E+11	7.05E+11	-7.17E+11	7.84E+11	2.12E+12	21735.3869	-3.16E+11	82195.60571	-59292.80709	1.80E+12	-5.00E+11	-7.29E+11	-1.79E+12	-8093.991528	54649.42727	89852097673	-5.78E+11	1.36E+11	4136944579	-35657.03981	1.25E+11	-1.68E+12	1.11E+13


];

% Demand (MW)
disp('The Power Demand');
Pd=Demand(xx);
LB =data(:,4)';   % Lower bound
UB = data(:,5)';  % Upper bound

%--------------------------------------------------------------------------------------------------
nVar=3;

SearchAgents_no=50;
 % Number of search agents

Function_name='ceed'; 

Max_iteration=100;    % Maximum numbef of iterations

% Load details of the selected benchmark function
[lb,ub,dim,fobj]=Get_Functions_details(Function_name);

[fMin,bestX,SSA_curve]=SSA(SearchAgents_no,Max_iteration,lb,ub,dim,fobj);  

%Draw objective space
% figure(xx)
% plot(SSA_curve,'Color','g')
% title('Objective space')
% xlabel('Iteration');
% ylabel('Best score obtained so far');
% %axis tight
% grid on
% box on
% legend('SSA')

n=length(data(:,1));
disp('The Power Generation obtained by SSA');
PG=bestX
P1=bestX(1);
% P2=bestX(2);
% P3=bestX(3);
% P4=bestX(4);
% P5=bestX(5);
% P6=bestX(6);
% P7=bestX(7);
% P8=bestX(8);
% P9=bestX(9);
% P10=bestX(10);
% P11=bestX(11);
% P12=bestX(12);
% P13=bestX(13);
% P14=bestX(14);
% P15=bestX(15);
% P16=bestX(16);
% P17=bestX(17);
% P18=bestX(18);
% P19=bestX(19);

for i=1:n
      F1(i)=data(i,1)* PG(i)^2+data(i,2)*PG(i)+data(i,3);
%       E1(i)=data(i,1)* PG(i)^2+data(i,2)*PG(i)+data(i,3);
%      F1max(i)=data(i,1)*data(i,5)^2+data(i,2)*data(i,5)+data(i,3);
%       E1max(i)=data1(i,1)*data1(i,5)^2+data1(i,2)*data1(i,5)+data1(i,3);
%         h(i)=F1mmax(i)/E1max(i);
%       F1max(i)=data(i,1)*data(i,5)^2+data(i,2)*data(i,5)+data(i,3);
%       E1min(i)=data1(i,1)*data1(i,4)^2+data1(i,2)*data1(i,4)+data1(i,3);
%        h(i)=F1max(i)/E1min(i);
%       F1min(i)=data(i,1)*data(i,4)^2+data(i,2)*data(i,4)+data(i,3);
%       E1max(i)=data1(i,1)*data1(i,5)^2+data1(i,2)*data1(i,5)+data1(i,3);
%          h(i)=F1min(i)/E1max(i);
%       F1min(i)=data(i,1)*data(i,4)^2+data(i,2)*data(i,4)+data(i,3);
%       E1min(i)=data1(i,1)*data1(i,4)^2+data1(i,2)*data1(i,4)+data1(i,3)
%       h(i)=F1min(i)/E1min(i);
      ceed(i)=F1(i);%for Economic Dispatch
%       ceed(i)=E1(i);%for Emission Dispatch
%       ceed(i)=F1(i)+h(i)*E1(i);%For CEED
      
end

ploss_1=0;ploss_2=0;
for i=1:length(B)
    ploss_1=ploss_1+(B(i,i)*(PG(i)^2));
end

for i=1:length(B)
    for j=1:length(B)
        if i~=j
            ploss_2=ploss_2+((B(i,j)*B(j,i))*(PG(i)*PG(j)));
        end
    end
end

P1 = P1+ploss_1+ploss_2;
lam=abs(sum(P1)-Pd);
disp('The Total Fuelcost found by SSA is : ');
 o=sum(ceed)% Without RES
%o=sum(ceed)+0.1095*10^3*PV(xx);% Without Wind
%o=sum(ceed)+0.1368*10^3*WT(xx)%Without Soloar
%  o=sum(ceed)+0.1368*10^3*WT(xx)+0.1095*10^3*PV(xx);
% l2=zeros(length(PG));
% for i=1:length(B)
%     for j=1:length(B)
%             l2(i)=(B(i,j)*B(j,i))*(PG(i)*PG(j));
%     end
% end

g=[g;PG];

Final(xx,:)=[ xx Pd PG o];

end
disp('.....Time      Demand     P1        P2      P3    P4     P5       P6   .....P54     Fuelcost......... ');
Final
total_cost=sum(Final(:,54))
